1
5
847,25APR2014,0,USA,4,284040,1314940027
811,21APR2014,0,USA,1,3004100,2207974205
826,10APR2014,0,USA,7,3004100,1355124023
669,23APR2014,0,USA,29,3604454,6313685265
830,14APR2014,0,USA,11,4104402,1051467102
2
3
826,10APR2014,0,CHE,7,3004100,1355124023
669,23APR2014,0,USA,29,3604454,6313685265
830,14APR2014,0,USA,11,4104402,1051467102
3
3
826,10APR2014,0,USA,7,3004100,1355124023
669,23APR2014,0,USA,29,3604454,6313685265
830,14APR2014,0,USA,11,4104402,1051467102
4
3
826,10APR2014,0,USA,7,3004100,1355124023
669,23APR2014,0,USA,29,3604454,6313685265
830,14APR2014,0,USA,11,4104402,1051467102
5
3
826,10APR2014,0,USA,7,3004100,1355124023
669,23APR2014,0,USA,29,3604454,6313685265
830,14APR2014,0,GER,11,4104402,1051467102